{
 "cells": [
  {
   "cell_type": "code",
   "execution_count": 15,
   "id": "e2865b49",
   "metadata": {},
   "outputs": [
    {
     "name": "stdout",
     "output_type": "stream",
     "text": [
      "epoch 1: trainloss 0.1914, valloss 0.0683, precision 0.55, recall 0.54, fscore 0.54, kappa 0.08, auroc 0.72\n",
      "\n",
      "epoch 2: trainloss 0.1502, valloss 0.0720, precision 0.55, recall 0.56, fscore 0.56, kappa 0.11, auroc 0.73\n",
      "\n",
      "epoch 3: trainloss 0.1453, valloss 0.0630, precision 0.56, recall 0.54, fscore 0.55, kappa 0.09, auroc 0.82\n",
      "\n",
      "epoch 4: trainloss 0.1394, valloss 0.0671, precision 0.55, recall 0.54, fscore 0.54, kappa 0.09, auroc 0.74\n",
      "\n",
      "epoch 5: trainloss 0.1377, valloss 0.0625, precision 0.56, recall 0.53, fscore 0.53, kappa 0.07, auroc 0.75\n",
      "\n",
      "epoch 6: trainloss 0.1359, valloss 0.0625, precision 0.55, recall 0.52, fscore 0.53, kappa 0.05, auroc 0.77\n",
      "\n",
      "epoch 7: trainloss 0.1339, valloss 0.0612, precision 0.57, recall 0.52, fscore 0.53, kappa 0.06, auroc 0.80\n",
      "\n",
      "epoch 8: trainloss 0.1321, valloss 0.0604, precision 0.57, recall 0.51, fscore 0.51, kappa 0.03, auroc 0.79\n",
      "\n",
      "epoch 9: trainloss 0.1315, valloss 0.0606, precision 0.58, recall 0.54, fscore 0.55, kappa 0.11, auroc 0.81\n",
      "\n",
      "epoch 10: trainloss 0.1259, valloss 0.0619, precision 0.59, recall 0.51, fscore 0.52, kappa 0.03, auroc 0.78\n",
      "\n",
      "epoch 11: trainloss 0.1249, valloss 0.0607, precision 0.53, recall 0.50, fscore 0.50, kappa 0.01, auroc 0.80\n",
      "\n",
      "epoch 12: trainloss 0.1223, valloss 0.0651, precision 0.56, recall 0.53, fscore 0.54, kappa 0.08, auroc 0.78\n",
      "\n",
      "epoch 13: trainloss 0.1198, valloss 0.0613, precision 0.56, recall 0.53, fscore 0.54, kappa 0.08, auroc 0.82\n",
      "\n",
      "epoch 14: trainloss 0.1202, valloss 0.0617, precision 0.56, recall 0.52, fscore 0.53, kappa 0.06, auroc 0.75\n",
      "\n",
      "epoch 15: trainloss 0.1178, valloss 0.0573, precision 0.58, recall 0.54, fscore 0.55, kappa 0.10, auroc 0.85\n",
      "\n",
      "epoch 16: trainloss 0.1176, valloss 0.0599, precision 0.56, recall 0.51, fscore 0.52, kappa 0.04, auroc 0.79\n",
      "\n",
      "epoch 17: trainloss 0.1170, valloss 0.0589, precision 0.57, recall 0.56, fscore 0.56, kappa 0.13, auroc 0.83\n",
      "\n",
      "epoch 18: trainloss 0.1160, valloss 0.0604, precision 0.57, recall 0.53, fscore 0.54, kappa 0.08, auroc 0.84\n",
      "\n",
      "epoch 19: trainloss 0.1155, valloss 0.0636, precision 0.56, recall 0.55, fscore 0.56, kappa 0.11, auroc 0.83\n",
      "\n",
      "epoch 20: trainloss 0.1141, valloss 0.0639, precision 0.55, recall 0.51, fscore 0.52, kappa 0.04, auroc 0.80\n",
      "\n",
      "epoch 21: trainloss 0.1129, valloss 0.0619, precision 0.56, recall 0.54, fscore 0.54, kappa 0.09, auroc 0.83\n",
      "\n",
      "epoch 22: trainloss 0.1132, valloss 0.0606, precision 0.57, recall 0.58, fscore 0.58, kappa 0.15, auroc 0.84\n",
      "\n",
      "epoch 23: trainloss 0.1116, valloss 0.0597, precision 0.58, recall 0.54, fscore 0.55, kappa 0.10, auroc 0.81\n",
      "\n",
      "epoch 24: trainloss 0.1121, valloss 0.0580, precision 0.57, recall 0.55, fscore 0.56, kappa 0.12, auroc 0.86\n",
      "\n",
      "epoch 25: trainloss 0.1118, valloss 0.0578, precision 0.58, recall 0.54, fscore 0.55, kappa 0.11, auroc 0.85\n",
      "\n",
      "epoch 26: trainloss 0.1110, valloss 0.0579, precision 0.57, recall 0.58, fscore 0.58, kappa 0.15, auroc 0.86\n",
      "\n",
      "epoch 27: trainloss 0.1103, valloss 0.0548, precision 0.58, recall 0.55, fscore 0.56, kappa 0.12, auroc 0.86\n",
      "\n",
      "epoch 28: trainloss 0.1079, valloss 0.0582, precision 0.56, recall 0.55, fscore 0.56, kappa 0.11, auroc 0.88\n",
      "\n",
      "epoch 29: trainloss 0.1079, valloss 0.0543, precision 0.58, recall 0.56, fscore 0.57, kappa 0.13, auroc 0.88\n",
      "\n",
      "epoch 30: trainloss 0.1070, valloss 0.0528, precision 0.59, recall 0.54, fscore 0.56, kappa 0.12, auroc 0.88\n",
      "\n",
      "epoch 31: trainloss 0.1067, valloss 0.0551, precision 0.58, recall 0.56, fscore 0.57, kappa 0.13, auroc 0.87\n",
      "\n",
      "epoch 32: trainloss 0.1069, valloss 0.0538, precision 0.58, recall 0.55, fscore 0.56, kappa 0.13, auroc 0.87\n",
      "\n",
      "epoch 33: trainloss 0.1072, valloss 0.0541, precision 0.58, recall 0.55, fscore 0.56, kappa 0.13, auroc 0.88\n",
      "\n",
      "epoch 34: trainloss 0.1061, valloss 0.0525, precision 0.60, recall 0.59, fscore 0.59, kappa 0.18, auroc 0.89\n",
      "\n",
      "epoch 35: trainloss 0.1046, valloss 0.0561, precision 0.58, recall 0.59, fscore 0.59, kappa 0.17, auroc 0.87\n",
      "\n",
      "epoch 36: trainloss 0.1039, valloss 0.0529, precision 0.59, recall 0.59, fscore 0.59, kappa 0.18, auroc 0.90\n",
      "\n",
      "epoch 37: trainloss 0.1038, valloss 0.0526, precision 0.60, recall 0.56, fscore 0.57, kappa 0.14, auroc 0.88\n",
      "\n",
      "epoch 38: trainloss 0.1036, valloss 0.0538, precision 0.59, recall 0.56, fscore 0.57, kappa 0.14, auroc 0.88\n",
      "\n",
      "epoch 39: trainloss 0.1036, valloss 0.0513, precision 0.60, recall 0.56, fscore 0.57, kappa 0.14, auroc 0.90\n",
      "\n",
      "epoch 40: trainloss 0.1028, valloss 0.0539, precision 0.59, recall 0.56, fscore 0.57, kappa 0.14, auroc 0.88\n",
      "\n",
      "epoch 41: trainloss 0.1023, valloss 0.0522, precision 0.60, recall 0.56, fscore 0.58, kappa 0.16, auroc 0.89\n",
      "\n",
      "epoch 42: trainloss 0.1029, valloss 0.0554, precision 0.61, recall 0.53, fscore 0.55, kappa 0.10, auroc 0.89\n",
      "\n",
      "epoch 43: trainloss 0.1018, valloss 0.0548, precision 0.61, recall 0.55, fscore 0.56, kappa 0.13, auroc 0.88\n",
      "\n",
      "epoch 44: trainloss 0.1009, valloss 0.0551, precision 0.58, recall 0.56, fscore 0.57, kappa 0.13, auroc 0.89\n",
      "\n",
      "epoch 45: trainloss 0.1018, valloss 0.0506, precision 0.60, recall 0.56, fscore 0.57, kappa 0.14, auroc 0.90\n",
      "\n",
      "epoch 46: trainloss 0.0996, valloss 0.0584, precision 0.58, recall 0.56, fscore 0.57, kappa 0.13, auroc 0.87\n",
      "\n",
      "epoch 47: trainloss 0.1009, valloss 0.0503, precision 0.62, recall 0.56, fscore 0.57, kappa 0.15, auroc 0.90\n",
      "\n",
      "epoch 48: trainloss 0.1005, valloss 0.0513, precision 0.60, recall 0.55, fscore 0.57, kappa 0.14, auroc 0.89\n",
      "\n",
      "epoch 49: trainloss 0.0998, valloss 0.0498, precision 0.61, recall 0.57, fscore 0.58, kappa 0.16, auroc 0.91\n",
      "\n",
      "epoch 50: trainloss 0.1009, valloss 0.0542, precision 0.61, recall 0.56, fscore 0.58, kappa 0.16, auroc 0.89\n",
      "\n",
      "[[0.1914 0.1502 0.1453 0.1394 0.1377 0.1359 0.1339 0.1321 0.1315 0.1259\n",
      "  0.1249 0.1223 0.1198 0.1202 0.1178 0.1176 0.117  0.116  0.1155 0.1141\n",
      "  0.1129 0.1132 0.1116 0.1121 0.1118 0.111  0.1103 0.1079 0.1079 0.107\n",
      "  0.1067 0.1069 0.1072 0.1061 0.1046 0.1039 0.1038 0.1036 0.1036 0.1028\n",
      "  0.1023 0.1029 0.1018 0.1009 0.1018 0.0996 0.1009 0.1005 0.0998 0.1009]\n",
      " [0.0683 0.072  0.063  0.0671 0.0625 0.0625 0.0612 0.0604 0.0606 0.0619\n",
      "  0.0607 0.0651 0.0613 0.0617 0.0573 0.0599 0.0589 0.0604 0.0636 0.0639\n",
      "  0.0619 0.0606 0.0597 0.058  0.0578 0.0579 0.0548 0.0582 0.0543 0.0528\n",
      "  0.0551 0.0538 0.0541 0.0525 0.0561 0.0529 0.0526 0.0538 0.0513 0.0539\n",
      "  0.0522 0.0554 0.0548 0.0551 0.0506 0.0584 0.0503 0.0513 0.0498 0.0542]\n",
      " [0.55   0.55   0.56   0.55   0.56   0.55   0.57   0.57   0.58   0.59\n",
      "  0.53   0.56   0.56   0.56   0.58   0.56   0.57   0.57   0.56   0.55\n",
      "  0.56   0.57   0.58   0.57   0.58   0.57   0.58   0.56   0.58   0.59\n",
      "  0.58   0.58   0.58   0.6    0.58   0.59   0.6    0.59   0.6    0.59\n",
      "  0.6    0.61   0.61   0.58   0.6    0.58   0.62   0.6    0.61   0.61  ]\n",
      " [0.54   0.56   0.54   0.54   0.53   0.52   0.52   0.51   0.54   0.51\n",
      "  0.5    0.53   0.53   0.52   0.54   0.51   0.56   0.53   0.55   0.51\n",
      "  0.54   0.58   0.54   0.55   0.54   0.58   0.55   0.55   0.56   0.54\n",
      "  0.56   0.55   0.55   0.59   0.59   0.59   0.56   0.56   0.56   0.56\n",
      "  0.56   0.53   0.55   0.56   0.56   0.56   0.56   0.55   0.57   0.56  ]\n",
      " [0.54   0.56   0.55   0.54   0.53   0.53   0.53   0.51   0.55   0.52\n",
      "  0.5    0.54   0.54   0.53   0.55   0.52   0.56   0.54   0.56   0.52\n",
      "  0.54   0.58   0.55   0.56   0.55   0.58   0.56   0.56   0.57   0.56\n",
      "  0.57   0.56   0.56   0.59   0.59   0.59   0.57   0.57   0.57   0.57\n",
      "  0.58   0.55   0.56   0.57   0.57   0.57   0.57   0.57   0.58   0.58  ]\n",
      " [0.08   0.11   0.09   0.09   0.07   0.05   0.06   0.03   0.11   0.03\n",
      "  0.01   0.08   0.08   0.06   0.1    0.04   0.13   0.08   0.11   0.04\n",
      "  0.09   0.15   0.1    0.12   0.11   0.15   0.12   0.11   0.13   0.12\n",
      "  0.13   0.13   0.13   0.18   0.17   0.18   0.14   0.14   0.14   0.14\n",
      "  0.16   0.1    0.13   0.13   0.14   0.13   0.15   0.14   0.16   0.16  ]\n",
      " [0.72   0.73   0.82   0.74   0.75   0.77   0.8    0.79   0.81   0.78\n",
      "  0.8    0.78   0.82   0.75   0.85   0.79   0.83   0.84   0.83   0.8\n",
      "  0.83   0.84   0.81   0.86   0.85   0.86   0.86   0.88   0.88   0.88\n",
      "  0.87   0.87   0.88   0.89   0.87   0.9    0.88   0.88   0.9    0.88\n",
      "  0.89   0.89   0.88   0.89   0.9    0.87   0.9    0.89   0.91   0.89  ]]\n",
      "epoch 1: trainloss 0.2015, valloss 0.0706, precision 0.59, recall 0.51, fscore 0.51, kappa 0.03, auroc 0.73\n",
      "\n",
      "epoch 2: trainloss 0.1653, valloss 0.0699, precision 0.60, recall 0.52, fscore 0.53, kappa 0.07, auroc 0.77\n",
      "\n",
      "epoch 3: trainloss 0.1638, valloss 0.0731, precision 0.59, recall 0.52, fscore 0.52, kappa 0.05, auroc 0.73\n",
      "\n",
      "epoch 4: trainloss 0.1614, valloss 0.0752, precision 0.55, recall 0.53, fscore 0.53, kappa 0.07, auroc 0.72\n",
      "\n",
      "epoch 5: trainloss 0.1611, valloss 0.0713, precision 0.60, recall 0.51, fscore 0.52, kappa 0.04, auroc 0.72\n",
      "\n",
      "epoch 6: trainloss 0.1572, valloss 0.0699, precision 0.60, recall 0.52, fscore 0.52, kappa 0.05, auroc 0.73\n",
      "\n",
      "epoch 7: trainloss 0.1565, valloss 0.0714, precision 0.58, recall 0.53, fscore 0.53, kappa 0.06, auroc 0.80\n",
      "\n",
      "epoch 8: trainloss 0.1555, valloss 0.0701, precision 0.61, recall 0.51, fscore 0.52, kappa 0.05, auroc 0.74\n",
      "\n",
      "epoch 9: trainloss 0.1557, valloss 0.0683, precision 0.61, recall 0.51, fscore 0.52, kappa 0.04, auroc 0.78\n",
      "\n",
      "epoch 10: trainloss 0.1539, valloss 0.0685, precision 0.58, recall 0.51, fscore 0.51, kappa 0.02, auroc 0.74\n",
      "\n",
      "epoch 11: trainloss 0.1529, valloss 0.0711, precision 0.60, recall 0.51, fscore 0.52, kappa 0.04, auroc 0.79\n",
      "\n",
      "epoch 12: trainloss 0.1546, valloss 0.0732, precision 0.59, recall 0.51, fscore 0.51, kappa 0.03, auroc 0.75\n",
      "\n",
      "epoch 13: trainloss 0.1534, valloss 0.0717, precision 0.56, recall 0.52, fscore 0.52, kappa 0.05, auroc 0.81\n",
      "\n",
      "epoch 14: trainloss 0.1523, valloss 0.0696, precision 0.57, recall 0.52, fscore 0.53, kappa 0.06, auroc 0.81\n",
      "\n",
      "epoch 15: trainloss 0.1538, valloss 0.0782, precision 0.55, recall 0.52, fscore 0.52, kappa 0.05, auroc 0.77\n",
      "\n",
      "epoch 16: trainloss 0.1512, valloss 0.0731, precision 0.55, recall 0.54, fscore 0.54, kappa 0.08, auroc 0.82\n",
      "\n",
      "epoch 17: trainloss 0.1454, valloss 0.0645, precision 0.60, recall 0.54, fscore 0.55, kappa 0.10, auroc 0.83\n",
      "\n",
      "epoch 18: trainloss 0.1429, valloss 0.0624, precision 0.63, recall 0.55, fscore 0.57, kappa 0.13, auroc 0.83\n",
      "\n",
      "epoch 19: trainloss 0.1376, valloss 0.0633, precision 0.58, recall 0.56, fscore 0.57, kappa 0.14, auroc 0.85\n",
      "\n",
      "epoch 20: trainloss 0.1368, valloss 0.0616, precision 0.63, recall 0.57, fscore 0.59, kappa 0.17, auroc 0.84\n",
      "\n",
      "epoch 21: trainloss 0.1352, valloss 0.0620, precision 0.63, recall 0.58, fscore 0.59, kappa 0.18, auroc 0.85\n",
      "\n",
      "epoch 22: trainloss 0.1345, valloss 0.0607, precision 0.63, recall 0.59, fscore 0.60, kappa 0.21, auroc 0.86\n",
      "\n",
      "epoch 23: trainloss 0.1315, valloss 0.0564, precision 0.64, recall 0.61, fscore 0.62, kappa 0.24, auroc 0.89\n",
      "\n",
      "epoch 24: trainloss 0.1310, valloss 0.0620, precision 0.62, recall 0.60, fscore 0.61, kappa 0.21, auroc 0.85\n",
      "\n",
      "epoch 25: trainloss 0.1295, valloss 0.0597, precision 0.62, recall 0.60, fscore 0.60, kappa 0.21, auroc 0.86\n",
      "\n",
      "epoch 26: trainloss 0.1280, valloss 0.0583, precision 0.65, recall 0.60, fscore 0.62, kappa 0.24, auroc 0.86\n",
      "\n",
      "epoch 27: trainloss 0.1276, valloss 0.0659, precision 0.63, recall 0.59, fscore 0.60, kappa 0.20, auroc 0.88\n",
      "\n",
      "epoch 28: trainloss 0.1267, valloss 0.0611, precision 0.64, recall 0.60, fscore 0.61, kappa 0.22, auroc 0.86\n",
      "\n",
      "epoch 29: trainloss 0.1286, valloss 0.0576, precision 0.66, recall 0.60, fscore 0.62, kappa 0.24, auroc 0.89\n",
      "\n",
      "epoch 30: trainloss 0.1250, valloss 0.0587, precision 0.64, recall 0.61, fscore 0.62, kappa 0.24, auroc 0.89\n",
      "\n",
      "epoch 31: trainloss 0.1251, valloss 0.0585, precision 0.65, recall 0.61, fscore 0.62, kappa 0.24, auroc 0.88\n",
      "\n",
      "epoch 32: trainloss 0.1233, valloss 0.0577, precision 0.64, recall 0.61, fscore 0.62, kappa 0.24, auroc 0.90\n",
      "\n",
      "epoch 33: trainloss 0.1236, valloss 0.0567, precision 0.65, recall 0.63, fscore 0.64, kappa 0.27, auroc 0.88\n",
      "\n",
      "epoch 34: trainloss 0.1240, valloss 0.0601, precision 0.64, recall 0.60, fscore 0.61, kappa 0.22, auroc 0.88\n",
      "\n",
      "epoch 35: trainloss 0.1236, valloss 0.0608, precision 0.64, recall 0.62, fscore 0.62, kappa 0.25, auroc 0.90\n",
      "\n",
      "epoch 36: trainloss 0.1213, valloss 0.0554, precision 0.65, recall 0.62, fscore 0.63, kappa 0.27, auroc 0.91\n",
      "\n",
      "epoch 37: trainloss 0.1198, valloss 0.0601, precision 0.63, recall 0.63, fscore 0.62, kappa 0.25, auroc 0.90\n",
      "\n",
      "epoch 38: trainloss 0.1193, valloss 0.0548, precision 0.66, recall 0.64, fscore 0.65, kappa 0.29, auroc 0.89\n",
      "\n",
      "epoch 39: trainloss 0.1182, valloss 0.0534, precision 0.66, recall 0.64, fscore 0.64, kappa 0.29, auroc 0.91\n",
      "\n",
      "epoch 40: trainloss 0.1189, valloss 0.0497, precision 0.68, recall 0.63, fscore 0.65, kappa 0.30, auroc 0.93\n",
      "\n",
      "epoch 41: trainloss 0.1178, valloss 0.0528, precision 0.66, recall 0.62, fscore 0.64, kappa 0.28, auroc 0.90\n",
      "\n",
      "epoch 42: trainloss 0.1167, valloss 0.0524, precision 0.66, recall 0.65, fscore 0.65, kappa 0.31, auroc 0.93\n",
      "\n",
      "epoch 43: trainloss 0.1161, valloss 0.0506, precision 0.67, recall 0.62, fscore 0.64, kappa 0.28, auroc 0.93\n",
      "\n",
      "epoch 44: trainloss 0.1171, valloss 0.0534, precision 0.66, recall 0.63, fscore 0.64, kappa 0.28, auroc 0.90\n",
      "\n",
      "epoch 45: trainloss 0.1163, valloss 0.0503, precision 0.67, recall 0.64, fscore 0.65, kappa 0.30, auroc 0.94\n",
      "\n",
      "epoch 46: trainloss 0.1168, valloss 0.0501, precision 0.66, recall 0.67, fscore 0.66, kappa 0.32, auroc 0.94\n",
      "\n",
      "epoch 47: trainloss 0.1165, valloss 0.0493, precision 0.66, recall 0.64, fscore 0.65, kappa 0.29, auroc 0.94\n",
      "\n",
      "epoch 48: trainloss 0.1144, valloss 0.0511, precision 0.68, recall 0.65, fscore 0.66, kappa 0.32, auroc 0.91\n",
      "\n",
      "epoch 49: trainloss 0.1151, valloss 0.0495, precision 0.66, recall 0.67, fscore 0.66, kappa 0.33, auroc 0.94\n",
      "\n",
      "epoch 50: trainloss 0.1141, valloss 0.0519, precision 0.67, recall 0.66, fscore 0.67, kappa 0.33, auroc 0.92\n",
      "\n",
      "[[0.2015 0.1653 0.1638 0.1614 0.1611 0.1572 0.1565 0.1555 0.1557 0.1539\n",
      "  0.1529 0.1546 0.1534 0.1523 0.1538 0.1512 0.1454 0.1429 0.1376 0.1368\n",
      "  0.1352 0.1345 0.1315 0.131  0.1295 0.128  0.1276 0.1267 0.1286 0.125\n",
      "  0.1251 0.1233 0.1236 0.124  0.1236 0.1213 0.1198 0.1193 0.1182 0.1189\n",
      "  0.1178 0.1167 0.1161 0.1171 0.1163 0.1168 0.1165 0.1144 0.1151 0.1141]\n",
      " [0.0706 0.0699 0.0731 0.0752 0.0713 0.0699 0.0714 0.0701 0.0683 0.0685\n",
      "  0.0711 0.0732 0.0717 0.0696 0.0782 0.0731 0.0645 0.0624 0.0633 0.0616\n",
      "  0.062  0.0607 0.0564 0.062  0.0597 0.0583 0.0659 0.0611 0.0576 0.0587\n",
      "  0.0585 0.0577 0.0567 0.0601 0.0608 0.0554 0.0601 0.0548 0.0534 0.0497\n",
      "  0.0528 0.0524 0.0506 0.0534 0.0503 0.0501 0.0493 0.0511 0.0495 0.0519]\n",
      " [0.59   0.6    0.59   0.55   0.6    0.6    0.58   0.61   0.61   0.58\n",
      "  0.6    0.59   0.56   0.57   0.55   0.55   0.6    0.63   0.58   0.63\n",
      "  0.63   0.63   0.64   0.62   0.62   0.65   0.63   0.64   0.66   0.64\n",
      "  0.65   0.64   0.65   0.64   0.64   0.65   0.63   0.66   0.66   0.68\n",
      "  0.66   0.66   0.67   0.66   0.67   0.66   0.66   0.68   0.66   0.67  ]\n",
      " [0.51   0.52   0.52   0.53   0.51   0.52   0.53   0.51   0.51   0.51\n",
      "  0.51   0.51   0.52   0.52   0.52   0.54   0.54   0.55   0.56   0.57\n",
      "  0.58   0.59   0.61   0.6    0.6    0.6    0.59   0.6    0.6    0.61\n",
      "  0.61   0.61   0.63   0.6    0.62   0.62   0.63   0.64   0.64   0.63\n",
      "  0.62   0.65   0.62   0.63   0.64   0.67   0.64   0.65   0.67   0.66  ]\n",
      " [0.51   0.53   0.52   0.53   0.52   0.52   0.53   0.52   0.52   0.51\n",
      "  0.52   0.51   0.52   0.53   0.52   0.54   0.55   0.57   0.57   0.59\n",
      "  0.59   0.6    0.62   0.61   0.6    0.62   0.6    0.61   0.62   0.62\n",
      "  0.62   0.62   0.64   0.61   0.62   0.63   0.62   0.65   0.64   0.65\n",
      "  0.64   0.65   0.64   0.64   0.65   0.66   0.65   0.66   0.66   0.67  ]\n",
      " [0.03   0.07   0.05   0.07   0.04   0.05   0.06   0.05   0.04   0.02\n",
      "  0.04   0.03   0.05   0.06   0.05   0.08   0.1    0.13   0.14   0.17\n",
      "  0.18   0.21   0.24   0.21   0.21   0.24   0.2    0.22   0.24   0.24\n",
      "  0.24   0.24   0.27   0.22   0.25   0.27   0.25   0.29   0.29   0.3\n",
      "  0.28   0.31   0.28   0.28   0.3    0.32   0.29   0.32   0.33   0.33  ]\n",
      " [0.73   0.77   0.73   0.72   0.72   0.73   0.8    0.74   0.78   0.74\n",
      "  0.79   0.75   0.81   0.81   0.77   0.82   0.83   0.83   0.85   0.84\n",
      "  0.85   0.86   0.89   0.85   0.86   0.86   0.88   0.86   0.89   0.89\n",
      "  0.88   0.9    0.88   0.88   0.9    0.91   0.9    0.89   0.91   0.93\n",
      "  0.9    0.93   0.93   0.9    0.94   0.94   0.94   0.91   0.94   0.92  ]]\n",
      "epoch 1: trainloss 0.2685, valloss 0.2661, precision 0.91, recall 0.68, fscore 0.73, kappa 0.47, auroc 0.92\n",
      "\n",
      "epoch 2: trainloss 0.1243, valloss 0.2286, precision 0.90, recall 0.77, fscore 0.82, kappa 0.64, auroc 0.93\n",
      "\n",
      "epoch 3: trainloss 0.1091, valloss 0.2161, precision 0.86, recall 0.85, fscore 0.85, kappa 0.71, auroc 0.94\n",
      "\n",
      "epoch 4: trainloss 0.1060, valloss 0.2271, precision 0.91, recall 0.71, fscore 0.77, kappa 0.54, auroc 0.94\n",
      "\n",
      "epoch 5: trainloss 0.1081, valloss 0.2164, precision 0.89, recall 0.80, fscore 0.84, kappa 0.68, auroc 0.94\n",
      "\n",
      "epoch 6: trainloss 0.1042, valloss 0.2238, precision 0.89, recall 0.81, fscore 0.84, kappa 0.69, auroc 0.94\n",
      "\n",
      "epoch 7: trainloss 0.1047, valloss 0.2113, precision 0.87, recall 0.83, fscore 0.85, kappa 0.70, auroc 0.94\n",
      "\n",
      "epoch 8: trainloss 0.1053, valloss 0.2119, precision 0.88, recall 0.83, fscore 0.85, kappa 0.71, auroc 0.93\n",
      "\n",
      "epoch 9: trainloss 0.1027, valloss 0.2183, precision 0.77, recall 0.88, fscore 0.81, kappa 0.63, auroc 0.94\n",
      "\n",
      "epoch 10: trainloss 0.1037, valloss 0.2411, precision 0.73, recall 0.87, fscore 0.77, kappa 0.55, auroc 0.93\n",
      "\n",
      "epoch 11: trainloss 0.1016, valloss 0.2149, precision 0.86, recall 0.84, fscore 0.85, kappa 0.70, auroc 0.93\n",
      "\n",
      "epoch 12: trainloss 0.1004, valloss 0.2181, precision 0.79, recall 0.88, fscore 0.83, kappa 0.66, auroc 0.93\n",
      "\n",
      "epoch 13: trainloss 0.0992, valloss 0.3934, precision 0.78, recall 0.54, fscore 0.54, kappa 0.12, auroc 0.78\n",
      "\n",
      "epoch 14: trainloss 0.0990, valloss 0.4336, precision 0.80, recall 0.54, fscore 0.55, kappa 0.14, auroc 0.78\n",
      "\n",
      "epoch 15: trainloss 0.0949, valloss 0.4874, precision 0.84, recall 0.54, fscore 0.54, kappa 0.12, auroc 0.69\n",
      "\n",
      "epoch 16: trainloss 0.0935, valloss 0.2297, precision 0.85, recall 0.75, fscore 0.79, kappa 0.58, auroc 0.92\n",
      "\n",
      "epoch 17: trainloss 0.0916, valloss 0.2474, precision 0.80, recall 0.74, fscore 0.76, kappa 0.53, auroc 0.90\n",
      "\n",
      "epoch 18: trainloss 0.0908, valloss 0.4970, precision 0.73, recall 0.58, fscore 0.60, kappa 0.22, auroc 0.61\n",
      "\n",
      "epoch 19: trainloss 0.0861, valloss 0.2659, precision 0.79, recall 0.70, fscore 0.74, kappa 0.48, auroc 0.89\n",
      "\n",
      "epoch 20: trainloss 0.0848, valloss 0.3848, precision 0.73, recall 0.62, fscore 0.65, kappa 0.30, auroc 0.79\n",
      "\n",
      "epoch 21: trainloss 0.0841, valloss 0.2981, precision 0.66, recall 0.73, fscore 0.68, kappa 0.37, auroc 0.84\n",
      "\n",
      "epoch 22: trainloss 0.0812, valloss 0.2818, precision 0.72, recall 0.69, fscore 0.70, kappa 0.40, auroc 0.86\n",
      "\n",
      "epoch 23: trainloss 0.0803, valloss 0.2647, precision 0.69, recall 0.70, fscore 0.69, kappa 0.39, auroc 0.88\n",
      "\n",
      "epoch 24: trainloss 0.0783, valloss 0.2984, precision 0.76, recall 0.67, fscore 0.70, kappa 0.40, auroc 0.85\n",
      "\n",
      "epoch 25: trainloss 0.0769, valloss 0.2411, precision 0.75, recall 0.79, fscore 0.77, kappa 0.54, auroc 0.90\n",
      "\n",
      "epoch 26: trainloss 0.0773, valloss 0.3056, precision 0.65, recall 0.72, fscore 0.67, kappa 0.35, auroc 0.85\n",
      "\n",
      "epoch 27: trainloss 0.0749, valloss 0.3504, precision 0.74, recall 0.66, fscore 0.69, kappa 0.38, auroc 0.80\n",
      "\n",
      "epoch 28: trainloss 0.0767, valloss 0.2133, precision 0.76, recall 0.87, fscore 0.80, kappa 0.60, auroc 0.94\n",
      "\n",
      "epoch 29: trainloss 0.0748, valloss 0.3047, precision 0.78, recall 0.64, fscore 0.68, kappa 0.36, auroc 0.85\n",
      "\n",
      "epoch 30: trainloss 0.0759, valloss 0.2697, precision 0.69, recall 0.84, fscore 0.71, kappa 0.45, auroc 0.92\n",
      "\n",
      "epoch 31: trainloss 0.0747, valloss 0.2469, precision 0.71, recall 0.84, fscore 0.74, kappa 0.49, auroc 0.92\n",
      "\n",
      "epoch 32: trainloss 0.0740, valloss 0.2552, precision 0.70, recall 0.82, fscore 0.73, kappa 0.48, auroc 0.90\n",
      "\n",
      "epoch 33: trainloss 0.0728, valloss 0.2061, precision 0.75, recall 0.85, fscore 0.79, kappa 0.58, auroc 0.93\n",
      "\n",
      "epoch 34: trainloss 0.0722, valloss 0.2635, precision 0.67, recall 0.80, fscore 0.70, kappa 0.41, auroc 0.90\n",
      "\n",
      "epoch 35: trainloss 0.0711, valloss 0.3550, precision 0.61, recall 0.69, fscore 0.63, kappa 0.27, auroc 0.80\n",
      "\n",
      "epoch 36: trainloss 0.0712, valloss 0.2836, precision 0.69, recall 0.75, fscore 0.71, kappa 0.42, auroc 0.86\n",
      "\n",
      "epoch 37: trainloss 0.0707, valloss 0.4691, precision 0.62, recall 0.77, fscore 0.61, kappa 0.28, auroc 0.82\n",
      "\n",
      "epoch 38: trainloss 0.0724, valloss 0.2488, precision 0.70, recall 0.81, fscore 0.73, kappa 0.48, auroc 0.90\n",
      "\n",
      "epoch 39: trainloss 0.0694, valloss 0.2746, precision 0.67, recall 0.80, fscore 0.69, kappa 0.40, auroc 0.90\n",
      "\n",
      "epoch 40: trainloss 0.0701, valloss 0.3028, precision 0.66, recall 0.78, fscore 0.68, kappa 0.39, auroc 0.88\n",
      "\n",
      "epoch 41: trainloss 0.0688, valloss 0.2890, precision 0.67, recall 0.79, fscore 0.69, kappa 0.40, auroc 0.89\n",
      "\n",
      "epoch 42: trainloss 0.0688, valloss 0.3205, precision 0.64, recall 0.75, fscore 0.65, kappa 0.33, auroc 0.85\n",
      "\n",
      "epoch 43: trainloss 0.0694, valloss 0.2432, precision 0.70, recall 0.84, fscore 0.73, kappa 0.47, auroc 0.93\n",
      "\n",
      "epoch 44: trainloss 0.0683, valloss 0.6948, precision 0.60, recall 0.69, fscore 0.59, kappa 0.23, auroc 0.73\n",
      "\n",
      "epoch 45: trainloss 0.0679, valloss 0.2918, precision 0.66, recall 0.76, fscore 0.68, kappa 0.38, auroc 0.87\n",
      "\n",
      "epoch 46: trainloss 0.0673, valloss 0.4550, precision 0.61, recall 0.72, fscore 0.61, kappa 0.27, auroc 0.79\n",
      "\n",
      "epoch 47: trainloss 0.0682, valloss 0.3107, precision 0.66, recall 0.77, fscore 0.68, kappa 0.38, auroc 0.86\n",
      "\n",
      "epoch 48: trainloss 0.0665, valloss 0.3520, precision 0.64, recall 0.76, fscore 0.66, kappa 0.34, auroc 0.84\n",
      "\n",
      "epoch 49: trainloss 0.0678, valloss 0.3388, precision 0.64, recall 0.77, fscore 0.65, kappa 0.34, auroc 0.86\n",
      "\n",
      "epoch 50: trainloss 0.0670, valloss 0.4059, precision 0.62, recall 0.74, fscore 0.63, kappa 0.29, auroc 0.81\n",
      "\n",
      "[[0.2685 0.1243 0.1091 0.106  0.1081 0.1042 0.1047 0.1053 0.1027 0.1037\n",
      "  0.1016 0.1004 0.0992 0.099  0.0949 0.0935 0.0916 0.0908 0.0861 0.0848\n",
      "  0.0841 0.0812 0.0803 0.0783 0.0769 0.0773 0.0749 0.0767 0.0748 0.0759\n",
      "  0.0747 0.074  0.0728 0.0722 0.0711 0.0712 0.0707 0.0724 0.0694 0.0701\n",
      "  0.0688 0.0688 0.0694 0.0683 0.0679 0.0673 0.0682 0.0665 0.0678 0.067 ]\n",
      " [0.2661 0.2286 0.2161 0.2271 0.2164 0.2238 0.2113 0.2119 0.2183 0.2411\n",
      "  0.2149 0.2181 0.3934 0.4336 0.4874 0.2297 0.2474 0.497  0.2659 0.3848\n",
      "  0.2981 0.2818 0.2647 0.2984 0.2411 0.3056 0.3504 0.2133 0.3047 0.2697\n",
      "  0.2469 0.2552 0.2061 0.2635 0.355  0.2836 0.4691 0.2488 0.2746 0.3028\n",
      "  0.289  0.3205 0.2432 0.6948 0.2918 0.455  0.3107 0.352  0.3388 0.4059]\n",
      " [0.91   0.9    0.86   0.91   0.89   0.89   0.87   0.88   0.77   0.73\n",
      "  0.86   0.79   0.78   0.8    0.84   0.85   0.8    0.73   0.79   0.73\n",
      "  0.66   0.72   0.69   0.76   0.75   0.65   0.74   0.76   0.78   0.69\n",
      "  0.71   0.7    0.75   0.67   0.61   0.69   0.62   0.7    0.67   0.66\n",
      "  0.67   0.64   0.7    0.6    0.66   0.61   0.66   0.64   0.64   0.62  ]\n",
      " [0.68   0.77   0.85   0.71   0.8    0.81   0.83   0.83   0.88   0.87\n",
      "  0.84   0.88   0.54   0.54   0.54   0.75   0.74   0.58   0.7    0.62\n",
      "  0.73   0.69   0.7    0.67   0.79   0.72   0.66   0.87   0.64   0.84\n",
      "  0.84   0.82   0.85   0.8    0.69   0.75   0.77   0.81   0.8    0.78\n",
      "  0.79   0.75   0.84   0.69   0.76   0.72   0.77   0.76   0.77   0.74  ]\n",
      " [0.73   0.82   0.85   0.77   0.84   0.84   0.85   0.85   0.81   0.77\n",
      "  0.85   0.83   0.54   0.55   0.54   0.79   0.76   0.6    0.74   0.65\n",
      "  0.68   0.7    0.69   0.7    0.77   0.67   0.69   0.8    0.68   0.71\n",
      "  0.74   0.73   0.79   0.7    0.63   0.71   0.61   0.73   0.69   0.68\n",
      "  0.69   0.65   0.73   0.59   0.68   0.61   0.68   0.66   0.65   0.63  ]\n",
      " [0.47   0.64   0.71   0.54   0.68   0.69   0.7    0.71   0.63   0.55\n",
      "  0.7    0.66   0.12   0.14   0.12   0.58   0.53   0.22   0.48   0.3\n",
      "  0.37   0.4    0.39   0.4    0.54   0.35   0.38   0.6    0.36   0.45\n",
      "  0.49   0.48   0.58   0.41   0.27   0.42   0.28   0.48   0.4    0.39\n",
      "  0.4    0.33   0.47   0.23   0.38   0.27   0.38   0.34   0.34   0.29  ]\n",
      " [0.92   0.93   0.94   0.94   0.94   0.94   0.94   0.93   0.94   0.93\n",
      "  0.93   0.93   0.78   0.78   0.69   0.92   0.9    0.61   0.89   0.79\n",
      "  0.84   0.86   0.88   0.85   0.9    0.85   0.8    0.94   0.85   0.92\n",
      "  0.92   0.9    0.93   0.9    0.8    0.86   0.82   0.9    0.9    0.88\n",
      "  0.89   0.85   0.93   0.73   0.87   0.79   0.86   0.84   0.86   0.81  ]]\n",
      "epoch 1: trainloss 0.1944, valloss 0.3491, precision 0.79, recall 0.63, fscore 0.67, kappa 0.35, auroc 0.84\n",
      "\n",
      "epoch 2: trainloss 0.1447, valloss 0.3261, precision 0.80, recall 0.61, fscore 0.64, kappa 0.30, auroc 0.85\n",
      "\n",
      "epoch 3: trainloss 0.1400, valloss 0.5086, precision 0.82, recall 0.54, fscore 0.54, kappa 0.12, auroc 0.79\n",
      "\n",
      "epoch 4: trainloss 0.1386, valloss 0.3510, precision 0.83, recall 0.57, fscore 0.59, kappa 0.21, auroc 0.86\n",
      "\n",
      "epoch 5: trainloss 0.1373, valloss 0.3169, precision 0.78, recall 0.64, fscore 0.68, kappa 0.37, auroc 0.84\n",
      "\n",
      "epoch 6: trainloss 0.1360, valloss 0.4069, precision 0.82, recall 0.57, fscore 0.58, kappa 0.20, auroc 0.84\n",
      "\n",
      "epoch 7: trainloss 0.1335, valloss 0.3792, precision 0.80, recall 0.58, fscore 0.61, kappa 0.24, auroc 0.85\n",
      "\n",
      "epoch 8: trainloss 0.1301, valloss 0.3560, precision 0.81, recall 0.58, fscore 0.60, kappa 0.22, auroc 0.85\n",
      "\n",
      "epoch 9: trainloss 0.1284, valloss 0.4195, precision 0.82, recall 0.60, fscore 0.63, kappa 0.28, auroc 0.84\n",
      "\n",
      "epoch 10: trainloss 0.1273, valloss 0.4029, precision 0.83, recall 0.57, fscore 0.59, kappa 0.22, auroc 0.84\n",
      "\n",
      "epoch 11: trainloss 0.1260, valloss 0.3896, precision 0.81, recall 0.59, fscore 0.62, kappa 0.26, auroc 0.85\n",
      "\n",
      "epoch 12: trainloss 0.1249, valloss 0.3834, precision 0.80, recall 0.59, fscore 0.62, kappa 0.27, auroc 0.85\n",
      "\n",
      "epoch 13: trainloss 0.1240, valloss 0.4895, precision 0.81, recall 0.56, fscore 0.58, kappa 0.19, auroc 0.80\n",
      "\n",
      "epoch 14: trainloss 0.1236, valloss 0.3344, precision 0.78, recall 0.61, fscore 0.65, kappa 0.31, auroc 0.84\n",
      "\n",
      "epoch 15: trainloss 0.1216, valloss 0.3449, precision 0.79, recall 0.64, fscore 0.68, kappa 0.36, auroc 0.87\n",
      "\n",
      "epoch 16: trainloss 0.1197, valloss 0.4057, precision 0.79, recall 0.56, fscore 0.58, kappa 0.19, auroc 0.83\n",
      "\n",
      "epoch 17: trainloss 0.1181, valloss 0.3200, precision 0.79, recall 0.64, fscore 0.68, kappa 0.37, auroc 0.86\n",
      "\n",
      "epoch 18: trainloss 0.1169, valloss 0.3410, precision 0.81, recall 0.67, fscore 0.71, kappa 0.43, auroc 0.89\n",
      "\n",
      "epoch 19: trainloss 0.1168, valloss 0.3462, precision 0.81, recall 0.64, fscore 0.68, kappa 0.38, auroc 0.88\n",
      "\n",
      "epoch 20: trainloss 0.1167, valloss 0.3840, precision 0.81, recall 0.62, fscore 0.65, kappa 0.32, auroc 0.86\n",
      "\n",
      "epoch 21: trainloss 0.1161, valloss 0.2892, precision 0.80, recall 0.69, fscore 0.73, kappa 0.46, auroc 0.89\n",
      "\n",
      "epoch 22: trainloss 0.1145, valloss 0.3571, precision 0.81, recall 0.63, fscore 0.66, kappa 0.34, auroc 0.85\n",
      "\n",
      "epoch 23: trainloss 0.1139, valloss 0.2907, precision 0.78, recall 0.69, fscore 0.72, kappa 0.45, auroc 0.86\n",
      "\n",
      "epoch 24: trainloss 0.1122, valloss 0.3428, precision 0.80, recall 0.64, fscore 0.68, kappa 0.38, auroc 0.88\n",
      "\n",
      "epoch 25: trainloss 0.1120, valloss 0.2978, precision 0.79, recall 0.68, fscore 0.72, kappa 0.44, auroc 0.86\n",
      "\n",
      "epoch 26: trainloss 0.1121, valloss 0.3740, precision 0.80, recall 0.64, fscore 0.68, kappa 0.37, auroc 0.83\n",
      "\n",
      "epoch 27: trainloss 0.1113, valloss 0.3300, precision 0.81, recall 0.65, fscore 0.69, kappa 0.39, auroc 0.88\n",
      "\n",
      "epoch 28: trainloss 0.1118, valloss 0.4017, precision 0.82, recall 0.61, fscore 0.65, kappa 0.32, auroc 0.86\n",
      "\n",
      "epoch 29: trainloss 0.1111, valloss 0.3761, precision 0.81, recall 0.65, fscore 0.70, kappa 0.40, auroc 0.86\n",
      "\n",
      "epoch 30: trainloss 0.1099, valloss 0.3396, precision 0.81, recall 0.69, fscore 0.73, kappa 0.46, auroc 0.87\n",
      "\n",
      "epoch 31: trainloss 0.1092, valloss 0.3002, precision 0.83, recall 0.71, fscore 0.75, kappa 0.50, auroc 0.90\n",
      "\n",
      "epoch 32: trainloss 0.1090, valloss 0.3228, precision 0.81, recall 0.67, fscore 0.71, kappa 0.43, auroc 0.87\n",
      "\n",
      "epoch 33: trainloss 0.1086, valloss 0.2878, precision 0.84, recall 0.69, fscore 0.74, kappa 0.48, auroc 0.89\n",
      "\n",
      "epoch 34: trainloss 0.1090, valloss 0.3053, precision 0.82, recall 0.71, fscore 0.75, kappa 0.50, auroc 0.88\n",
      "\n",
      "epoch 35: trainloss 0.1087, valloss 0.3497, precision 0.84, recall 0.67, fscore 0.71, kappa 0.43, auroc 0.87\n",
      "\n",
      "epoch 36: trainloss 0.1078, valloss 0.3647, precision 0.84, recall 0.65, fscore 0.69, kappa 0.40, auroc 0.88\n",
      "\n",
      "epoch 37: trainloss 0.1076, valloss 0.3625, precision 0.82, recall 0.67, fscore 0.71, kappa 0.43, auroc 0.87\n",
      "\n",
      "epoch 38: trainloss 0.1066, valloss 0.2727, precision 0.82, recall 0.72, fscore 0.75, kappa 0.51, auroc 0.90\n",
      "\n",
      "epoch 39: trainloss 0.1068, valloss 0.3224, precision 0.81, recall 0.66, fscore 0.70, kappa 0.41, auroc 0.88\n",
      "\n",
      "epoch 40: trainloss 0.1066, valloss 0.3565, precision 0.84, recall 0.62, fscore 0.66, kappa 0.34, auroc 0.88\n",
      "\n",
      "epoch 41: trainloss 0.1069, valloss 0.3275, precision 0.83, recall 0.63, fscore 0.67, kappa 0.36, auroc 0.89\n",
      "\n",
      "epoch 42: trainloss 0.1069, valloss 0.3667, precision 0.82, recall 0.65, fscore 0.70, kappa 0.40, auroc 0.88\n",
      "\n",
      "epoch 43: trainloss 0.1062, valloss 0.3309, precision 0.81, recall 0.65, fscore 0.69, kappa 0.38, auroc 0.88\n",
      "\n",
      "epoch 44: trainloss 0.1058, valloss 0.3057, precision 0.82, recall 0.66, fscore 0.70, kappa 0.42, auroc 0.90\n",
      "\n",
      "epoch 45: trainloss 0.1039, valloss 0.3493, precision 0.85, recall 0.65, fscore 0.69, kappa 0.40, auroc 0.91\n",
      "\n",
      "epoch 46: trainloss 0.1063, valloss 0.3675, precision 0.83, recall 0.65, fscore 0.70, kappa 0.40, auroc 0.88\n",
      "\n",
      "epoch 47: trainloss 0.1053, valloss 0.3564, precision 0.82, recall 0.62, fscore 0.65, kappa 0.33, auroc 0.90\n",
      "\n",
      "epoch 48: trainloss 0.1040, valloss 0.3681, precision 0.83, recall 0.67, fscore 0.72, kappa 0.44, auroc 0.88\n",
      "\n",
      "epoch 49: trainloss 0.1048, valloss 0.3601, precision 0.83, recall 0.65, fscore 0.69, kappa 0.39, auroc 0.89\n",
      "\n",
      "epoch 50: trainloss 0.1044, valloss 0.3292, precision 0.84, recall 0.65, fscore 0.70, kappa 0.41, auroc 0.90\n",
      "\n",
      "[[0.1944 0.1447 0.14   0.1386 0.1373 0.136  0.1335 0.1301 0.1284 0.1273\n",
      "  0.126  0.1249 0.124  0.1236 0.1216 0.1197 0.1181 0.1169 0.1168 0.1167\n",
      "  0.1161 0.1145 0.1139 0.1122 0.112  0.1121 0.1113 0.1118 0.1111 0.1099\n",
      "  0.1092 0.109  0.1086 0.109  0.1087 0.1078 0.1076 0.1066 0.1068 0.1066\n",
      "  0.1069 0.1069 0.1062 0.1058 0.1039 0.1063 0.1053 0.104  0.1048 0.1044]\n",
      " [0.3491 0.3261 0.5086 0.351  0.3169 0.4069 0.3792 0.356  0.4195 0.4029\n",
      "  0.3896 0.3834 0.4895 0.3344 0.3449 0.4057 0.32   0.341  0.3462 0.384\n",
      "  0.2892 0.3571 0.2907 0.3428 0.2978 0.374  0.33   0.4017 0.3761 0.3396\n",
      "  0.3002 0.3228 0.2878 0.3053 0.3497 0.3647 0.3625 0.2727 0.3224 0.3565\n",
      "  0.3275 0.3667 0.3309 0.3057 0.3493 0.3675 0.3564 0.3681 0.3601 0.3292]\n",
      " [0.79   0.8    0.82   0.83   0.78   0.82   0.8    0.81   0.82   0.83\n",
      "  0.81   0.8    0.81   0.78   0.79   0.79   0.79   0.81   0.81   0.81\n",
      "  0.8    0.81   0.78   0.8    0.79   0.8    0.81   0.82   0.81   0.81\n",
      "  0.83   0.81   0.84   0.82   0.84   0.84   0.82   0.82   0.81   0.84\n",
      "  0.83   0.82   0.81   0.82   0.85   0.83   0.82   0.83   0.83   0.84  ]\n",
      " [0.63   0.61   0.54   0.57   0.64   0.57   0.58   0.58   0.6    0.57\n",
      "  0.59   0.59   0.56   0.61   0.64   0.56   0.64   0.67   0.64   0.62\n",
      "  0.69   0.63   0.69   0.64   0.68   0.64   0.65   0.61   0.65   0.69\n",
      "  0.71   0.67   0.69   0.71   0.67   0.65   0.67   0.72   0.66   0.62\n",
      "  0.63   0.65   0.65   0.66   0.65   0.65   0.62   0.67   0.65   0.65  ]\n",
      " [0.67   0.64   0.54   0.59   0.68   0.58   0.61   0.6    0.63   0.59\n",
      "  0.62   0.62   0.58   0.65   0.68   0.58   0.68   0.71   0.68   0.65\n",
      "  0.73   0.66   0.72   0.68   0.72   0.68   0.69   0.65   0.7    0.73\n",
      "  0.75   0.71   0.74   0.75   0.71   0.69   0.71   0.75   0.7    0.66\n",
      "  0.67   0.7    0.69   0.7    0.69   0.7    0.65   0.72   0.69   0.7   ]\n",
      " [0.35   0.3    0.12   0.21   0.37   0.2    0.24   0.22   0.28   0.22\n",
      "  0.26   0.27   0.19   0.31   0.36   0.19   0.37   0.43   0.38   0.32\n",
      "  0.46   0.34   0.45   0.38   0.44   0.37   0.39   0.32   0.4    0.46\n",
      "  0.5    0.43   0.48   0.5    0.43   0.4    0.43   0.51   0.41   0.34\n",
      "  0.36   0.4    0.38   0.42   0.4    0.4    0.33   0.44   0.39   0.41  ]\n",
      " [0.84   0.85   0.79   0.86   0.84   0.84   0.85   0.85   0.84   0.84\n",
      "  0.85   0.85   0.8    0.84   0.87   0.83   0.86   0.89   0.88   0.86\n",
      "  0.89   0.85   0.86   0.88   0.86   0.83   0.88   0.86   0.86   0.87\n",
      "  0.9    0.87   0.89   0.88   0.87   0.88   0.87   0.9    0.88   0.88\n",
      "  0.89   0.88   0.88   0.9    0.91   0.88   0.9    0.88   0.89   0.9   ]]\n",
      "epoch 1: trainloss 0.1951, valloss 0.4714, precision 0.87, recall 0.55, fscore 0.53, kappa 0.15, auroc 0.89\n",
      "\n",
      "epoch 2: trainloss 0.0983, valloss 0.4839, precision 0.38, recall 0.50, fscore 0.43, kappa 0.00, auroc 0.91\n",
      "\n",
      "epoch 3: trainloss 0.0938, valloss 0.6677, precision 0.84, recall 0.50, fscore 0.43, kappa 0.00, auroc 0.76\n",
      "\n",
      "epoch 4: trainloss 0.0917, valloss 0.3661, precision 0.79, recall 0.83, fscore 0.81, kappa 0.61, auroc 0.90\n",
      "\n",
      "epoch 5: trainloss 0.0892, valloss 0.3903, precision 0.73, recall 0.80, fscore 0.74, kappa 0.49, auroc 0.89\n",
      "\n",
      "epoch 6: trainloss 0.0872, valloss 0.3652, precision 0.76, recall 0.82, fscore 0.77, kappa 0.56, auroc 0.90\n",
      "\n",
      "epoch 7: trainloss 0.0854, valloss 0.3756, precision 0.82, recall 0.80, fscore 0.81, kappa 0.62, auroc 0.90\n",
      "\n",
      "epoch 8: trainloss 0.0830, valloss 0.4103, precision 0.76, recall 0.80, fscore 0.78, kappa 0.56, auroc 0.87\n",
      "\n",
      "epoch 9: trainloss 0.0817, valloss 0.3938, precision 0.75, recall 0.79, fscore 0.77, kappa 0.54, auroc 0.88\n",
      "\n",
      "epoch 10: trainloss 0.0806, valloss 0.3631, precision 0.79, recall 0.80, fscore 0.79, kappa 0.59, auroc 0.90\n",
      "\n",
      "epoch 11: trainloss 0.0783, valloss 0.4225, precision 0.74, recall 0.78, fscore 0.75, kappa 0.51, auroc 0.86\n",
      "\n",
      "epoch 12: trainloss 0.0787, valloss 0.3971, precision 0.79, recall 0.77, fscore 0.78, kappa 0.56, auroc 0.88\n",
      "\n",
      "epoch 13: trainloss 0.0771, valloss 0.5357, precision 0.70, recall 0.65, fscore 0.67, kappa 0.34, auroc 0.79\n",
      "\n",
      "epoch 14: trainloss 0.0759, valloss 0.3759, precision 0.75, recall 0.80, fscore 0.77, kappa 0.54, auroc 0.88\n",
      "\n",
